source_label_distribution:0.08285119185373756,0.06965980097199723,0.05068271233510761,0.045591298310576255,0.04512844249016432,0.12867391807451978,0.15366813237676463,0.14927100208285118,0.1254339273316362,0.1490395741726452
target_label_distribution:0.09871666666666666,0.11236666666666667,0.0993,0.10218333333333333,0.09736666666666667,0.09035,0.09863333333333334,0.10441666666666667,0.09751666666666667,0.09915
test_label_distribution:0.098,0.1135,0.1032,0.101,0.0982,0.0892,0.0958,0.1028,0.0974,0.1009
  Source train, epoch: 00071, sec: 33, loss: 0.00121, accuracy: 4320/4321, precision: 99.97686
